# wavelength(A) flux continuum rectified_flux
6560.000000 3.712706374263e+14 3.878714259213e+14 9.572002798206e-01
6560.010000 3.707444432939e+14 3.878708490025e+14 9.558450815454e-01
6560.020000 3.703995319253e+14 3.878702720824e+14 9.549572591286e-01
6560.030000 3.702630091368e+14 3.878696951612e+14 9.546066984760e-01
6560.040000 3.703722719354e+14 3.878691182387e+14 9.548898185483e-01
6560.050000 3.707067476730e+14 3.878685413151e+14 9.557535819123e-01
6560.060000 3.711617143204e+14 3.878679643902e+14 9.569279971442e-01
6560.070000 3.715591121880e+14 3.878673874643e+14 9.579539920000e-01
6560.080000 3.719475086891e+14 3.878668105371e+14 9.589567825463e-01
6560.090000 3.722406323653e+14 3.878662336086e+14 9.597139428769e-01
6560.100000 3.724461008265e+14 3.878656566791e+14 9.602451117104e-01
6560.110000 3.725623242796e+14 3.878650797484e+14 9.605461892091e-01
6560.120000 3.726271886037e+14 3.878645028163e+14 9.607148524757e-01
6560.130000 3.726682790933e+14 3.878639258832e+14 9.608222219808e-01
6560.140000 3.726855675451e+14 3.878633489489e+14 9.608682247372e-01
6560.150000 3.726871132178e+14 3.878627720133e+14 9.608736391051e-01
6560.160000 3.726782861097e+14 3.878621950765e+14 9.608523100226e-01
6560.170000 3.726618484484e+14 3.878616181386e+14 9.608113590533e-01
6560.180000 3.726396836890e+14 3.878610411995e+14 9.607556421150e-01
6560.190000 3.726131140577e+14 3.878604642592e+14 9.606885681668e-01
6560.200000 3.725830901364e+14 3.878598873178e+14 9.606125879966e-01
6560.210000 3.725503048341e+14 3.878593103751e+14 9.605294880605e-01
6560.220000 3.725152664804e+14 3.878587334312e+14 9.604405789316e-01
6560.230000 3.724783732503e+14 3.878581564861e+14 9.603468871837e-01
6560.240000 3.724399274838e+14 3.878575795399e+14 9.602491923082e-01
6560.250000 3.724001649534e+14 3.878570025924e+14 9.601481021726e-01
6560.260000 3.723592716454e+14 3.878564256438e+14 9.600440962847e-01
6560.270000 3.723173958157e+14 3.878558486939e+14 9.599375568771e-01
6560.280000 3.722746567661e+14 3.878552717429e+14 9.598287915314e-01
6560.290000 3.722311513272e+14 3.878546947907e+14 9.597180498950e-01
6560.300000 3.721869587064e+14 3.878541178374e+14 9.596055361787e-01
6560.310000 3.721421441579e+14 3.878535408828e+14 9.594914186187e-01
6560.320000 3.720967617882e+14 3.878529639270e+14 9.593758367109e-01
6560.330000 3.720508567258e+14 3.878523869701e+14 9.592589068030e-01
6560.340000 3.720044668115e+14 3.878518100119e+14 9.591407264547e-01
6560.350000 3.719576239295e+14 3.878512330525e+14 9.590213778672e-01
6560.360000 3.719103550611e+14 3.878506560920e+14 9.589009306016e-01
6560.370000 3.718626831278e+14 3.878500791302e+14 9.587794437524e-01
6560.380000 3.718146276699e+14 3.878495021673e+14 9.586569676953e-01
6560.390000 3.717662053944e+14 3.878489252032e+14 9.585335455026e-01
6560.400000 3.717174306230e+14 3.878483482380e+14 9.584092140957e-01
6560.410000 3.716683156596e+14 3.878477712714e+14 9.582840051942e-01
6560.420000 3.716188710914e+14 3.878471943038e+14 9.581579460915e-01
6560.430000 3.715691060405e+14 3.878466173348e+14 9.580310603038e-01
6560.440000 3.715190283715e+14 3.878460403647e+14 9.579033681048e-01
6560.450000 3.714894724096e+14 3.878454633936e+14 9.578285876005e-01
6560.460000 3.714378193896e+14 3.878448864211e+14 9.576968329197e-01
6560.470000 3.713859365875e+14 3.878443094475e+14 9.575644853900e-01
6560.480000 3.713338226367e+14 3.878437324727e+14 9.574315414851e-01
6560.490000 3.712814761610e+14 3.878431554967e+14 9.572979976546e-01
6560.500000 3.712288957741e+14 3.878425785194e+14 9.571638503212e-01
6560.510000 3.711760800806e+14 3.878420015410e+14 9.570290958839e-01
6560.520000 3.711230276744e+14 3.878414245615e+14 9.568937307148e-01
6560.530000 3.710697371404e+14 3.878408475807e+14 9.567577511627e-01
6560.540000 3.710162070532e+14 3.878402705988e+14 9.566211535495e-01
6560.550000 3.709624359785e+14 3.878396936156e+14 9.564839341747e-01
6560.560000 3.709084224415e+14 3.878391166313e+14 9.563460892319e-01
6560.570000 3.708541646486e+14 3.878385396458e+14 9.562076140945e-01
6560.580000 3.707996615043e+14 3.878379626590e+14 9.560685059351e-01
6560.590000 3.707449115603e+14 3.878373856711e+14 9.559287610163e-01
6560.600000 3.706899133120e+14 3.878368086820e+14 9.557883754555e-01
6560.610000 3.706346652683e+14 3.878362316917e+14 9.556473454057e-01
6560.620000 3.705791654817e+14 3.878356547002e+14 9.555056658424e-01
6560.630000 3.705234057438e+14 3.878350777076e+14 9.553633155977e-01
6560.640000 3.704673953004e+14 3.878345007137e+14 9.552203185086e-01
6560.650000 3.704111287589e+14 3.878339237187e+14 9.550766606677e-01
6560.660000 3.703546045366e+14 3.878333467224e+14 9.549323379912e-01
6560.670000 3.702978210390e+14 3.878327697249e+14 9.547873463649e-01
6560.680000 3.702407766605e+14 3.878321927263e+14 9.546416816454e-01
6560.690000 3.701834697835e+14 3.878316157266e+14 9.544953396592e-01
6560.700000 3.701279529498e+14 3.878310387256e+14 9.543536127642e-01
6560.710000 3.700701190869e+14 3.878304617234e+14 9.542059111151e-01
6560.720000 3.700120179736e+14 3.878298847200e+14 9.540575199374e-01
6560.730000 3.699487926656e+14 3.878293077154e+14 9.538959158214e-01
6560.740000 3.698900987015e+14 3.878287307096e+14 9.537459951065e-01
6560.750000 3.698311315199e+14 3.878281537027e+14 9.535953694673e-01
6560.760000 3.697718893948e+14 3.878275766946e+14 9.534440344504e-01
6560.770000 3.697123625103e+14 3.878269996852e+14 9.532919647431e-01
6560.780000 3.696525236911e+14 3.878264226748e+14 9.531390902704e-01
6560.790000 3.695924048852e+14 3.878258456630e+14 9.529854934072e-01
6560.800000 3.695320043203e+14 3.878252686501e+14 9.528311695792e-01
6560.810000 3.694713202100e+14 3.878246916360e+14 9.526761141779e-01
6560.820000 3.694103507557e+14 3.878241146207e+14 9.525203225616e-01
6560.830000 3.693490941454e+14 3.878235376044e+14 9.523637900550e-01
6560.840000 3.692875485542e+14 3.878229605867e+14 9.522065119495e-01
6560.850000 3.692257121442e+14 3.878223835679e+14 9.520484835027e-01
6560.860000 3.691635830647e+14 3.878218065479e+14 9.518896999392e-01
6560.870000 3.691011506698e+14 3.878212295266e+14 9.517301338051e-01
6560.880000 3.690384211145e+14 3.878206525042e+14 9.515698009675e-01
6560.890000 3.689753934621e+14 3.878200754806e+14 9.514086990077e-01
6560.900000 3.689120658119e+14 3.878194984559e+14 9.512468230213e-01
6560.910000 3.688484362506e+14 3.878189214299e+14 9.510841680716e-01
6560.920000 3.687845028530e+14 3.878183444026e+14 9.509207291910e-01
6560.930000 3.687202636873e+14 3.878177673743e+14 9.507565013942e-01
6560.940000 3.686557168103e+14 3.878171903448e+14 9.505914796676e-01
6560.950000 3.685908602550e+14 3.878166133141e+14 9.504256589352e-01
6560.960000 3.685256917338e+14 3.878160362822e+14 9.502590332949e-01
6560.970000 3.684602095506e+14 3.878154592491e+14 9.500915983699e-01
6560.980000 3.683943479394e+14 3.878148822148e+14 9.499231845759e-01
6560.990000 3.683282180138e+14 3.878143051792e+14 9.497540784206e-01
6561.000000 3.682398406946e+14 3.878137281425e+14 9.495276055810e-01
6561.010000 3.681718600078e+14 3.878131511832e+14 9.493537258458e-01
6561.020000 3.681034498474e+14 3.878125742227e+14 9.491787381708e-01
6561.030000 3.680345954882e+14 3.878119972609e+14 9.490026045806e-01
6561.040000 3.679652802380e+14 3.878114202980e+14 9.488252820282e-01
6561.050000 3.678954850591e+14 3.878108433338e+14 9.486467214185e-01
6561.060000 3.678251815152e+14 3.878102663685e+14 9.484668494198e-01
6561.070000 3.677543506965e+14 3.878096894020e+14 9.482856172666e-01
6561.080000 3.676829633754e+14 3.878091124343e+14 9.481029495862e-01
6561.090000 3.676109851350e+14 3.878085354654e+14 9.479187576257e-01
6561.100000 3.675383753373e+14 3.878079584953e+14 9.477329365889e-01
6561.110000 3.674650836227e+14 3.878073815241e+14 9.475453566112e-01
6561.120000 3.673910547744e+14 3.878068045516e+14 9.473558753029e-01
6561.130000 3.673162173664e+14 3.878062275779e+14 9.471643084758e-01
6561.140000 3.672404852699e+14 3.878056506030e+14 9.469704340276e-01
6561.150000 3.671637520126e+14 3.878050736271e+14 9.467739773969e-01
6561.160000 3.670858844615e+14 3.878044966498e+14 9.465745952735e-01
6561.170000 3.670067140540e+14 3.878039196714e+14 9.463718529845e-01
6561.180000 3.669260244115e+14 3.878033426917e+14 9.461651925552e-01
6561.190000 3.668435306056e+14 3.878027657110e+14 9.459538792432e-01
6561.200000 3.667587549886e+14 3.878021887290e+14 9.457366813495e-01
6561.210000 3.666711051108e+14 3.878016117459e+14 9.455120711336e-01
6561.220000 3.665803612431e+14 3.878010347615e+14 9.452794819605e-01
6561.230000 3.664853259377e+14 3.878004577760e+14 9.450358260005e-01
6561.240000 3.663840465996e+14 3.877998807892e+14 9.447760681462e-01
6561.250000 3.662734501473e+14 3.877993038013e+14 9.444922839133e-01
6561.260000 3.661476894059e+14 3.877987268121e+14 9.441693953351e-01
6561.270000 3.659919046672e+14 3.877981498219e+14 9.437690840849e-01
6561.280000 3.657594444656e+14 3.877975728304e+14 9.431710513194e-01
6561.290000 3.653017446596e+14 3.877969958378e+14 9.419921984450e-01
6561.300000 3.642253622764e+14 3.877964188438e+14 9.392179622555e-01
6561.310000 3.616374949309e+14 3.877958418488e+14 9.325460871547e-01
6561.320000 3.560206954607e+14 3.877952648525e+14 9.180635446802e-01
6561.330000 3.457567301991e+14 3.877946878551e+14 8.915973865228e-01
6561.340000 3.305729014534e+14 3.877941108565e+14 8.524443569381e-01
6561.350000 3.130105867308e+14 3.877935338567e+14 8.071578285948e-01
6561.360000 2.974806342594e+14 3.877929568557e+14 7.671120091285e-01
6561.370000 2.880664632417e+14 3.877923798535e+14 7.428368328190e-01
6561.380000 2.869111026357e+14 3.877918028501e+14 7.398586058990e-01
6561.390000 2.942372911517e+14 3.877912258455e+14 7.587518013339e-01
6561.400000 3.084136015329e+14 3.877906488397e+14 7.953095373900e-01
6561.410000 3.257521833543e+14 3.877900718328e+14 8.400219784243e-01
6561.420000 3.417012304735e+14 3.877894948247e+14 8.811513334779e-01
6561.430000 3.531042881405e+14 3.877889178154e+14 9.105579657349e-01
6561.440000 3.595593414389e+14 3.877883408049e+14 9.272051364223e-01
6561.450000 3.625665668930e+14 3.877877637931e+14 9.349613390238e-01
6561.460000 3.637381327574e+14 3.877871867802e+14 9.379838869290e-01
6561.470000 3.641247818969e+14 3.877866097662e+14 9.389823493812e-01
6561.480000 3.642139583996e+14 3.877860327509e+14 9.392137097251e-01
6561.490000 3.641891146585e+14 3.877854557345e+14 9.391510415694e-01
6561.500000 3.640830810565e+14 3.877848787169e+14 9.388790049297e-01
6561.510000 3.638361105918e+14 3.877843016980e+14 9.382435261013e-01
6561.520000 3.632728537978e+14 3.877837246780e+14 9.367924197940e-01
6561.530000 3.620810772890e+14 3.877831476568e+14 9.337205071364e-01
6561.540000 3.598996861784e+14 3.877825706343e+14 9.280966021492e-01
6561.550000 3.566323354573e+14 3.877819936108e+14 9.196722419639e-01
6561.560000 3.527784247405e+14 3.877814165860e+14 9.097352520046e-01
6561.570000 3.494933925373e+14 3.877808395600e+14 9.012652428465e-01
6561.580000 3.480316239985e+14 3.877802625329e+14 8.974970044252e-01
6561.590000 3.489806563859e+14 3.877796855045e+14 8.999456893463e-01
6561.600000 3.518977582260e+14 3.877791084750e+14 9.074696148793e-01
6561.610000 3.555900612083e+14 3.877785314443e+14 9.169926449612e-01
6561.620000 3.588336016773e+14 3.877779544124e+14 9.253584366883e-01
6561.630000 3.610257065690e+14 3.877773773793e+14 9.310128120647e-01
6561.640000 3.621888412638e+14 3.877768003450e+14 9.340136927779e-01
6561.650000 3.626727384336e+14 3.877762233095e+14 9.352629600093e-01
6561.660000 3.628107523333e+14 3.877756462730e+14 9.356202634705e-01
6561.670000 3.628051329044e+14 3.877750692351e+14 9.356071642771e-01
6561.680000 3.627138240830e+14 3.877744921960e+14 9.353730876648e-01
6561.690000 3.626357157390e+14 3.877739151558e+14 9.351730520432e-01
6561.700000 3.625502129693e+14 3.877733381144e+14 9.349539468915e-01
6561.710000 3.624606629378e+14 3.877727610718e+14 9.347244038905e-01
6561.720000 3.623681235140e+14 3.877721840280e+14 9.344871510633e-01
6561.730000 3.622981839562e+14 3.877716069830e+14 9.343081789175e-01
6561.740000 3.621988183781e+14 3.877710299369e+14 9.340533212011e-01
6561.750000 3.620985514298e+14 3.877704528896e+14 9.337961382346e-01
6561.760000 3.620164819624e+14 3.877698758410e+14 9.335858830633e-01
6561.770000 3.619133522959e+14 3.877692987913e+14 9.333213161125e-01
6561.780000 3.618093197647e+14 3.877687217404e+14 9.330544200185e-01
6561.790000 3.617043366799e+14 3.877681446882e+14 9.327850717874e-01
6561.800000 3.615983479741e+14 3.877675676350e+14 9.325131293975e-01
6561.810000 3.614912896076e+14 3.877669905805e+14 9.322384276866e-01
6561.820000 3.613830865486e+14 3.877664135249e+14 9.319607731458e-01
6561.830000 3.612736501950e+14 3.877658364680e+14 9.316799372676e-01
6561.840000 3.611628750406e+14 3.877652594099e+14 9.313956479501e-01
6561.850000 3.610506343271e+14 3.877646823507e+14 9.311075782826e-01
6561.860000 3.609367739149e+14 3.877641052904e+14 9.308153307399e-01
6561.870000 3.608210969961e+14 3.877635282287e+14 9.305183977572e-01
6561.880000 3.607033787073e+14 3.877629511659e+14 9.302161994146e-01
6561.890000 3.605831909784e+14 3.877623741019e+14 9.299076317385e-01
6561.900000 3.604602806843e+14 3.877617970367e+14 9.295920419158e-01
6561.910000 3.603341873583e+14 3.877612199704e+14 9.292682424141e-01
6561.920000 3.602042809222e+14 3.877606429029e+14 9.289346082822e-01
6561.930000 3.600696888293e+14 3.877600658341e+14 9.285888892523e-01
6561.940000 3.599286905460e+14 3.877594887642e+14 9.282266481553e-01
6561.950000 3.597808041239e+14 3.877589116931e+14 9.278466420099e-01
6561.960000 3.596226391872e+14 3.877583346209e+14 9.274401272092e-01
6561.970000 3.594513532639e+14 3.877577575473e+14 9.269997730994e-01
6561.980000 3.592596238225e+14 3.877571804727e+14 9.265066952070e-01
6561.990000 3.590363619398e+14 3.877566033968e+14 9.259322956580e-01
6562.000000 3.587523780031e+14 3.877560263198e+14 9.252012957943e-01
6562.010000 3.583560387053e+14 3.877554491862e+14 9.241805355859e-01
6562.020000 3.576844703830e+14 3.877548720515e+14 9.224499707522e-01
6562.030000 3.563965073577e+14 3.877542949156e+14 9.191297479639e-01
6562.040000 3.538180014679e+14 3.877537177785e+14 9.124812612886e-01
6562.050000 3.490049668099e+14 3.877531406403e+14 9.000699935882e-01
6562.060000 3.412453162262e+14 3.877525635008e+14 8.800594718066e-01
6562.070000 3.311146581079e+14 3.877519863601e+14 8.539341376847e-01
6562.080000 3.206720035341e+14 3.877514092183e+14 8.270040956927e-01
6562.090000 3.131118731894e+14 3.877508320752e+14 8.075079336741e-01
6562.100000 3.108207986476e+14 3.877502549309e+14 8.016005010828e-01
6562.110000 3.144549019163e+14 3.877496777856e+14 8.109739863927e-01
6562.120000 3.228718986048e+14 3.877491006390e+14 8.326825209206e-01
6562.130000 3.332720348895e+14 3.877485234911e+14 8.595056194899e-01
6562.140000 3.426466539864e+14 3.877479463422e+14 8.836839942513e-01
6562.150000 3.493046974516e+14 3.877473691921e+14 9.008563956977e-01
6562.160000 3.531342217661e+14 3.877467920406e+14 9.107340899138e-01
6562.170000 3.549955427200e+14 3.877462148882e+14 9.155358043208e-01
6562.180000 3.557817917299e+14 3.877456377345e+14 9.175649113905e-01
6562.190000 3.560719169167e+14 3.877450605794e+14 9.183145141414e-01
6562.200000 3.561396443829e+14 3.877444834235e+14 9.184905514026e-01
6562.210000 3.561103548690e+14 3.877439062661e+14 9.184163802814e-01
6562.220000 3.560208807107e+14 3.877433291077e+14 9.181869911985e-01
6562.230000 3.558907246283e+14 3.877427519481e+14 9.178526815530e-01
6562.240000 3.557243431193e+14 3.877421747873e+14 9.174249443319e-01
6562.250000 3.555199958413e+14 3.877415976252e+14 9.168992907100e-01
6562.260000 3.552391024081e+14 3.877410204621e+14 9.161762198509e-01
6562.270000 3.548959990786e+14 3.877404432975e+14 9.152927047289e-01
6562.280000 3.544244400113e+14 3.877398661320e+14 9.140778933745e-01
6562.290000 3.537536320621e+14 3.877392889652e+14 9.123492050706e-01
6562.300000 3.527667525072e+14 3.877387117973e+14 9.098053451306e-01
6562.310000 3.513246517627e+14 3.877381346282e+14 9.060874347568e-01
6562.320000 3.492869813750e+14 3.877375574578e+14 9.008335010543e-01
6562.330000 3.465868740124e+14 3.877369802863e+14 8.938710817742e-01
6562.340000 3.434263029885e+14 3.877364031137e+14 8.857210729524e-01
6562.350000 3.400316346579e+14 3.877358259397e+14 8.769672852225e-01
6562.360000 3.369671365942e+14 3.877352487647e+14 8.690650067741e-01
6562.370000 3.349495293141e+14 3.877346715884e+14 8.638627232945e-01
6562.380000 3.342671355470e+14 3.877340944109e+14 8.621040562731e-01
6562.390000 3.351108478054e+14 3.877335172323e+14 8.642813502364e-01
6562.400000 3.372325869785e+14 3.877329400525e+14 8.697548032232e-01
6562.410000 3.402118644059e+14 3.877323628715e+14 8.774399482321e-01
6562.420000 3.433163780450e+14 3.877317856893e+14 8.854481131452e-01
6562.430000 3.460984770406e+14 3.877312085059e+14 8.926247602669e-01
6562.440000 3.483307370265e+14 3.877306313213e+14 8.983833333967e-01
6562.450000 3.499047538903e+14 3.877300541356e+14 9.024442396410e-01
6562.460000 3.509171987232e+14 3.877294769487e+14 9.050567975508e-01
6562.470000 3.515184987416e+14 3.877288997605e+14 9.066089707492e-01
6562.480000 3.518433276048e+14 3.877283225713e+14 9.074480947677e-01
6562.490000 3.519994623921e+14 3.877277453807e+14 9.078521374489e-01
6562.500000 3.520531759568e+14 3.877271681891e+14 9.079920233629e-01
6562.510000 3.520499428844e+14 3.877265909962e+14 9.079850365172e-01
6562.520000 3.520201812868e+14 3.877260138022e+14 9.079096288503e-01
6562.530000 3.519373622961e+14 3.877254366070e+14 9.076973782684e-01
6562.540000 3.518372578952e+14 3.877248594105e+14 9.074405454171e-01
6562.550000 3.517241539670e+14 3.877242822129e+14 9.071501840421e-01
6562.560000 3.516009942706e+14 3.877237050142e+14 9.068338864083e-01
6562.570000 3.514697234359e+14 3.877231278142e+14 9.064966679119e-01
6562.580000 3.513320754675e+14 3.877225506130e+14 9.061430007411e-01
6562.590000 3.511889513167e+14 3.877219734106e+14 9.057752085274e-01
6562.600000 3.510411642187e+14 3.877213962071e+14 9.053953886806e-01
6562.610000 3.508893608958e+14 3.877208190024e+14 9.050052091571e-01
6562.620000 3.507340185755e+14 3.877202417965e+14 9.046059007658e-01
6562.630000 3.505755097632e+14 3.877196645895e+14 9.041984242257e-01
6562.640000 3.504141280266e+14 3.877190873810e+14 9.037835366672e-01
6562.650000 3.502501066083e+14 3.877185101717e+14 9.033618396327e-01
6562.660000 3.500836320671e+14 3.877179329609e+14 9.029338142644e-01
6562.670000 3.499148421260e+14 3.877173557492e+14 9.024998157481e-01
6562.680000 3.497438686059e+14 3.877167785362e+14 9.020601840506e-01
6562.690000 3.495708105052e+14 3.877162013219e+14 9.016151744842e-01
6562.700000 3.493957474296e+14 3.877156241066e+14 9.011649923437e-01
6562.710000 3.492187437687e+14 3.877150468900e+14 9.007098036816e-01
6562.720000 3.490397650927e+14 3.877144696722e+14 9.002495196732e-01
6562.730000 3.488584807702e+14 3.877138924532e+14 8.997832875237e-01
6562.740000 3.486752509669e+14 3.877133152331e+14 8.993120361555e-01
6562.750000 3.484900396735e+14 3.877127380118e+14 8.988356726699e-01
6562.760000 3.483030737193e+14 3.877121607893e+14 8.983547820894e-01
6562.770000 3.481143675981e+14 3.877115835656e+14 8.978694017770e-01
6562.780000 3.479239314739e+14 3.877110063408e+14 8.973795579280e-01
6562.790000 3.477317718064e+14 3.877104291146e+14 8.968852671837e-01
6562.800000 3.475378918736e+14 3.877098518874e+14 8.963865379786e-01
6562.810000 3.473422921841e+14 3.877092746590e+14 8.958833716052e-01
6562.820000 3.471449709301e+14 3.877086974294e+14 8.953757633803e-01
6562.830000 3.469691861465e+14 3.877081201986e+14 8.949237018013e-01
6562.840000 3.467682343810e+14 3.877075429665e+14 8.944067265953e-01
6562.850000 3.465656272987e+14 3.877069657334e+14 8.938854803476e-01
6562.860000 3.463612637015e+14 3.877063884990e+14 8.933597020219e-01
6562.870000 3.461551314144e+14 3.877058112635e+14 8.928293601952e-01
6562.880000 3.459472169099e+14 3.877052340268e+14 8.922944199562e-01
6562.890000 3.457375054299e+14 3.877046567889e+14 8.917548432187e-01
6562.900000 3.455259810980e+14 3.877040795498e+14 8.912105890122e-01
6562.910000 3.453126270322e+14 3.877035023095e+14 8.906616137724e-01
6562.920000 3.450974254593e+14 3.877029250680e+14 8.901078716358e-01
6562.930000 3.448750537210e+14 3.877023478255e+14 8.895356338576e-01
6562.940000 3.446558511320e+14 3.877017705816e+14 8.889715685720e-01
6562.950000 3.444347225588e+14 3.877011933366e+14 8.884025339064e-01
6562.960000 3.442116449867e+14 3.877006160904e+14 8.878284704776e-01
6562.970000 3.439865928722e+14 3.877000388430e+14 8.872493123776e-01
6562.980000 3.437595392193e+14 3.876994615943e+14 8.866649899530e-01
6562.990000 3.435304500514e+14 3.876988843446e+14 8.860754155434e-01
6563.000000 3.432993068527e+14 3.876983070936e+14 8.854805413678e-01
6563.010000 3.430660811436e+14 3.876977303568e+14 8.848802927680e-01
6563.020000 3.428307427349e+14 3.876971536187e+14 8.842745930295e-01
6563.030000 3.425929772560e+14 3.876965768796e+14 8.836626312603e-01
6563.040000 3.423529752602e+14 3.876960001391e+14 8.830448989344e-01
6563.050000 3.421107594869e+14 3.876954233976e+14 8.824214546790e-01
6563.060000 3.418654537365e+14 3.876948466548e+14 8.817900384444e-01
6563.070000 3.416184893601e+14 3.876942699108e+14 8.811543421538e-01
6563.080000 3.413691658945e+14 3.876936931657e+14 8.805125590439e-01
6563.090000 3.411168372775e+14 3.876931164193e+14 8.798630226609e-01
6563.100000 3.408619714876e+14 3.876925396717e+14 8.792069400567e-01
6563.110000 3.406045716827e+14 3.876919629230e+14 8.785443193475e-01
6563.120000 3.403445624437e+14 3.876913861732e+14 8.778749659702e-01
6563.130000 3.400818741250e+14 3.876908094220e+14 8.771987002530e-01
6563.140000 3.398164225292e+14 3.876902326697e+14 8.765153049877e-01
6563.150000 3.395481067175e+14 3.876896559162e+14 8.758245197827e-01
6563.160000 3.392768058448e+14 3.876890791615e+14 8.751260328987e-01
6563.170000 3.390023677368e+14 3.876885024056e+14 8.744194517848e-01
6563.180000 3.387245469511e+14 3.876879256486e+14 8.737041433118e-01
6563.190000 3.384431554888e+14 3.876873488904e+14 8.729796225166e-01
6563.200000 3.381578174854e+14 3.876867721309e+14 8.722449198529e-01
6563.210000 3.378680350299e+14 3.876861953704e+14 8.714987509604e-01
6563.220000 3.375723518524e+14 3.876856186084e+14 8.707373594721e-01
6563.230000 3.372692329657e+14 3.876850418455e+14 8.699567859522e-01
6563.240000 3.369588144010e+14 3.876844650813e+14 8.691573811974e-01
6563.250000 3.366360759055e+14 3.876838883159e+14 8.683261957773e-01
6563.260000 3.362972497750e+14 3.876833115494e+14 8.674535110395e-01
6563.270000 3.359381812299e+14 3.876827347817e+14 8.665286098413e-01
6563.280000 3.355549791373e+14 3.876821580128e+14 8.655414550346e-01
6563.290000 3.351435520518e+14 3.876815812426e+14 8.644814927178e-01
6563.300000 3.347200801683e+14 3.876810044713e+14 8.633904584126e-01
6563.310000 3.342833332551e+14 3.876804276988e+14 8.622651786663e-01
6563.320000 3.338556186375e+14 3.876798509251e+14 8.611631939107e-01
6563.330000 3.334707966350e+14 3.876792741502e+14 8.601718453120e-01
6563.340000 3.331298513130e+14 3.876786973742e+14 8.592936717166e-01
6563.350000 3.328415684500e+14 3.876781205969e+14 8.585513361898e-01
6563.360000 3.325987809600e+14 3.876775438184e+14 8.579263521018e-01
6563.370000 3.323846129131e+14 3.876769670389e+14 8.573751890701e-01
6563.380000 3.321639384189e+14 3.876763902580e+14 8.568072412092e-01
6563.390000 3.319284256420e+14 3.876758134760e+14 8.562010166843e-01
6563.400000 3.316715807152e+14 3.876752366927e+14 8.555397645325e-01
6563.410000 3.313867225178e+14 3.876746599084e+14 8.548062506744e-01
6563.420000 3.310780729770e+14 3.876740831229e+14 8.540113651911e-01
6563.430000 3.307500738127e+14 3.876735063360e+14 8.531665651817e-01
6563.440000 3.304066660456e+14 3.876729295482e+14 8.522820162621e-01
6563.450000 3.300522343983e+14 3.876723527590e+14 8.513690286381e-01
6563.460000 3.296892957704e+14 3.876717759687e+14 8.504340945291e-01
6563.470000 3.293182318339e+14 3.876711991772e+14 8.494781983620e-01
6563.480000 3.289406387296e+14 3.876706223845e+14 8.485054573038e-01
6563.490000 3.285569803397e+14 3.876700455905e+14 8.475170678694e-01
6563.500000 3.281671864770e+14 3.876694687955e+14 8.465128489397e-01
6563.510000 3.277711583448e+14 3.876688919992e+14 8.454925455961e-01
6563.520000 3.273694888797e+14 3.876683152018e+14 8.444576872611e-01
6563.530000 3.269614551540e+14 3.876677384032e+14 8.434064090573e-01
6563.540000 3.265432008474e+14 3.876671616033e+14 8.423287634085e-01
6563.550000 3.261190696450e+14 3.876665848023e+14 8.412359548897e-01
6563.560000 3.256891416680e+14 3.876660080002e+14 8.401281901089e-01
6563.570000 3.252545308784e+14 3.876654311967e+14 8.390083425141e-01
6563.580000 3.248097137365e+14 3.876648543921e+14 8.378621638161e-01
6563.590000 3.243607116264e+14 3.876642775864e+14 8.367051863687e-01
6563.600000 3.239044643766e+14 3.876637007794e+14 8.355295162415e-01
6563.610000 3.234349734291e+14 3.876631239713e+14 8.343196797152e-01
6563.620000 3.229597296875e+14 3.876625471619e+14 8.330949998958e-01
6563.630000 3.224753294256e+14 3.876619703515e+14 8.318466965776e-01
6563.640000 3.219828743253e+14 3.876613935397e+14 8.305776115215e-01
6563.650000 3.214846057600e+14 3.876608167268e+14 8.292935264247e-01
6563.660000 3.209788394580e+14 3.876602399127e+14 8.279900965089e-01
6563.670000 3.204677401809e+14 3.876596630974e+14 8.266729058690e-01
6563.680000 3.199486881713e+14 3.876590862809e+14 8.253351965533e-01
6563.690000 3.194452256332e+14 3.876585094634e+14 8.240376977031e-01
6563.700000 3.189120734041e+14 3.876579326446e+14 8.226636076514e-01
6563.710000 3.183720773408e+14 3.876573558245e+14 8.212718591749e-01
6563.720000 3.178247216179e+14 3.876567790032e+14 8.198611215703e-01
6563.730000 3.172694390156e+14 3.876562021809e+14 8.184299315492e-01
6563.740000 3.166970820237e+14 3.876556253573e+14 8.169546920203e-01
6563.750000 3.161081301482e+14 3.876550485325e+14 8.154366397261e-01
6563.760000 3.155115631931e+14 3.876544717066e+14 8.138989389290e-01
6563.770000 3.149015762654e+14 3.876538948794e+14 8.123266151199e-01
6563.780000 3.142803055666e+14 3.876533180511e+14 8.107251787413e-01
6563.790000 3.136453205115e+14 3.876527412216e+14 8.090883596570e-01
6563.800000 3.129965116227e+14 3.876521643909e+14 8.074158752978e-01
6563.810000 3.123345430905e+14 3.876515875589e+14 8.057094388733e-01
6563.820000 3.116586423625e+14 3.876510107259e+14 8.039670573253e-01
6563.830000 3.109671082344e+14 3.876504338916e+14 8.021843419923e-01
6563.840000 3.102595201275e+14 3.876498570561e+14 8.003602077493e-01
6563.850000 3.095346024044e+14 3.876492802195e+14 7.984913637118e-01
6563.860000 3.087930447356e+14 3.876487033817e+14 7.965795887921e-01
6563.870000 3.080344915700e+14 3.876481265427e+14 7.946239655980e-01
6563.880000 3.072367345541e+14 3.876475497025e+14 7.925672038684e-01
6563.890000 3.064061805655e+14 3.876469728611e+14 7.904258307604e-01
6563.900000 3.055542334856e+14 3.876463960185e+14 7.882292641541e-01
6563.910000 3.046764435685e+14 3.876458191748e+14 7.859660249067e-01
6563.920000 3.037731192504e+14 3.876452423298e+14 7.836369083873e-01
6563.930000 3.028451854618e+14 3.876446654837e+14 7.812443003284e-01
6563.940000 3.018897379025e+14 3.876440886363e+14 7.787807082638e-01
6563.950000 3.009032711609e+14 3.876435117878e+14 7.762370890026e-01
6563.960000 2.998740013272e+14 3.876429349381e+14 7.735830433105e-01
6563.970000 2.988020865662e+14 3.876423580871e+14 7.708189787119e-01
6563.980000 2.976455868620e+14 3.876417812351e+14 7.678367020028e-01
6563.990000 2.964271863007e+14 3.876412043819e+14 7.646947304618e-01
6564.000000 2.951919275977e+14 3.876406275274e+14 7.615092604730e-01
6564.010000 2.938927431922e+14 3.876400523084e+14 7.581588678519e-01
6564.020000 2.925550334174e+14 3.876394770882e+14 7.547090807544e-01
6564.030000 2.911734412593e+14 3.876389018668e+14 7.511460791396e-01
6564.040000 2.897305139609e+14 3.876383266443e+14 7.474248392027e-01
6564.050000 2.881949201434e+14 3.876377514205e+14 7.434645338007e-01
6564.060000 2.865264422778e+14 3.876371761955e+14 7.391614114260e-01
6564.070000 2.847418185620e+14 3.876366009693e+14 7.345586506794e-01
6564.080000 2.828247164647e+14 3.876360257420e+14 7.296141165500e-01
6564.090000 2.807848651966e+14 3.876354505133e+14 7.243529063836e-01
6564.100000 2.786315819469e+14 3.876348752835e+14 7.187990547630e-01
6564.110000 2.763152037254e+14 3.876343000525e+14 7.128244422334e-01
6564.120000 2.738156377074e+14 3.876337248204e+14 7.063772323585e-01
6564.130000 2.711128409885e+14 3.876331495869e+14 6.994057171771e-01
6564.140000 2.682335058634e+14 3.876325743524e+14 6.919787541372e-01
6564.150000 2.651974030664e+14 3.876319991166e+14 6.841473450870e-01
6564.160000 2.620217244396e+14 3.876314238796e+14 6.759558392278e-01
6564.170000 2.586792044204e+14 3.876308486414e+14 6.673338959658e-01
6564.180000 2.551611869941e+14 3.876302734019e+14 6.582591827897e-01
6564.190000 2.514729245967e+14 3.876296981614e+14 6.487452478216e-01
6564.200000 2.476513279240e+14 3.876291229197e+14 6.388873107848e-01
6564.210000 2.437062342934e+14 3.876285476766e+14 6.287107483547e-01
6564.220000 2.396879323575e+14 3.876279724324e+14 6.183452934354e-01
6564.230000 2.355873566467e+14 3.876273971871e+14 6.077675581146e-01
6564.240000 2.314148929823e+14 3.876268219404e+14 5.970043347978e-01
6564.250000 2.272110789422e+14 3.876262466926e+14 5.861602016914e-01
6564.260000 2.230240217420e+14 3.876256714437e+14 5.753592658385e-01
6564.270000 2.188289256735e+14 3.876250961935e+14 5.645375591580e-01
6564.280000 2.146514584441e+14 3.876245209421e+14 5.537612995237e-01
6564.290000 2.105474216034e+14 3.876239456895e+14 5.431744450899e-01
6564.300000 2.065027942108e+14 3.876233704357e+14 5.327408251433e-01
6564.310000 2.025157552691e+14 3.876227951807e+14 5.224557425079e-01
6564.320000 1.986492466840e+14 3.876222199246e+14 5.124815773530e-01
6564.330000 1.948749271177e+14 3.876216446672e+14 5.027452150795e-01
6564.340000 1.912052386368e+14 3.876210694086e+14 4.932787552765e-01
6564.350000 1.876768044207e+14 3.876204941488e+14 4.841766811966e-01
6564.360000 1.842517751798e+14 3.876199188878e+14 4.753413490938e-01
6564.370000 1.810128094338e+14 3.876193436256e+14 4.669860067888e-01
6564.380000 1.778565341536e+14 3.876187683623e+14 4.588439690499e-01
6564.390000 1.749096832755e+14 3.876181930977e+14 4.512421924206e-01
6564.400000 1.720524154235e+14 3.876176178319e+14 4.438715050825e-01
6564.410000 1.693989038483e+14 3.876170425648e+14 4.370264597434e-01
6564.420000 1.668678007713e+14 3.876164672968e+14 4.304971920699e-01
6564.430000 1.644725111415e+14 3.876158920274e+14 4.243182865420e-01
6564.440000 1.622686898413e+14 3.876153167567e+14 4.186333274934e-01
6564.450000 1.601965302640e+14 3.876147414849e+14 4.132880231806e-01
6564.460000 1.582609933060e+14 3.876141662120e+14 4.082951736584e-01
6564.470000 1.564792576923e+14 3.876135909378e+14 4.036990996980e-01
6564.480000 1.548360954952e+14 3.876130156624e+14 3.994605166459e-01
6564.490000 1.533319390634e+14 3.876124403858e+14 3.955805415088e-01
6564.500000 1.519653425961e+14 3.876118651080e+14 3.920554458613e-01
6564.510000 1.507541678568e+14 3.876112898291e+14 3.889313129226e-01
6564.520000 1.496637700080e+14 3.876107145490e+14 3.861187639824e-01
6564.530000 1.487496708296e+14 3.876101392676e+14 3.837610417278e-01
6564.540000 1.479576001306e+14 3.876095639850e+14 3.817181356659e-01
6564.550000 1.472833677236e+14 3.876089887012e+14 3.799792368520e-01
6564.560000 1.467070869908e+14 3.876084134162e+14 3.784930406897e-01
6564.570000 1.461990879273e+14 3.876078381300e+14 3.771830018523e-01
6564.580000 1.457340768731e+14 3.876072628427e+14 3.759838652256e-01
6564.590000 1.453521634956e+14 3.876066875541e+14 3.749991116324e-01
6564.600000 1.451400491234e+14 3.876061122643e+14 3.744524261383e-01
6564.610000 1.450835715158e+14 3.876055369734e+14 3.743072729267e-01
6564.620000 1.451407440339e+14 3.876049616813e+14 3.744553305105e-01
6564.630000 1.453538306451e+14 3.876043863878e+14 3.750056391253e-01
6564.640000 1.457364471249e+14 3.876038110933e+14 3.759933286359e-01
6564.650000 1.462018225940e+14 3.876032357975e+14 3.771945357814e-01
6564.660000 1.467102264863e+14 3.876026605006e+14 3.785067581754e-01
6564.670000 1.472870404550e+14 3.876020852024e+14 3.799954801019e-01
6564.680000 1.479619165348e+14 3.876015099030e+14 3.817372036859e-01
6564.690000 1.487547793713e+14 3.876009346024e+14 3.837833351043e-01
6564.700000 1.496692987188e+14 3.876003593007e+14 3.861433435944e-01
6564.710000 1.507605655977e+14 3.875997839977e+14 3.889593643287e-01
6564.720000 1.519724335207e+14 3.875992086936e+14 3.920865422633e-01
6564.730000 1.533395684592e+14 3.875986333883e+14 3.956143165902e-01
6564.740000 1.548442939714e+14 3.875980580817e+14 3.994970840096e-01
6564.750000 1.564880691785e+14 3.875974827739e+14 4.037386106291e-01
6564.760000 1.582704290449e+14 3.875969074650e+14 4.083376982548e-01
6564.770000 1.602064661753e+14 3.875963321548e+14 4.133332874556e-01
6564.780000 1.622793546322e+14 3.875957568435e+14 4.186819689508e-01
6564.790000 1.644835997809e+14 3.875951815309e+14 4.243695680923e-01
6564.800000 1.668791975962e+14 3.875946062172e+14 4.305508769199e-01
6564.810000 1.694110051879e+14 3.875940309022e+14 4.370836279226e-01
6564.820000 1.720646122481e+14 3.875934555861e+14 4.439306437409e-01
6564.830000 1.749224921446e+14 3.875928802688e+14 4.513047092695e-01
6564.840000 1.778698719478e+14 3.875923049502e+14 4.589097091869e-01
6564.850000 1.810256764302e+14 3.875917296305e+14 4.670524745272e-01
6564.860000 1.842646786925e+14 3.875911543097e+14 4.754099174958e-01
6564.870000 1.876898314501e+14 3.875905789875e+14 4.842476613864e-01
6564.880000 1.912181448954e+14 3.875900036641e+14 4.933515908246e-01
6564.890000 1.948876877065e+14 3.875894283396e+14 5.028199260786e-01
6564.900000 1.986616552714e+14 3.875888530138e+14 5.125577109006e-01
6564.910000 2.025276038838e+14 3.875882776869e+14 5.225328410149e-01
6564.920000 2.065140004840e+14 3.875877023588e+14 5.328187639268e-01
6564.930000 2.105577496873e+14 3.875871270295e+14 5.432526908235e-01
6564.940000 2.146606485214e+14 3.875865516989e+14 5.538392588197e-01
6564.950000 2.188363910256e+14 3.875859763673e+14 5.646138002120e-01
6564.960000 2.230297209062e+14 3.875854010343e+14 5.754337503711e-01
6564.970000 2.272146678482e+14 3.875848257002e+14 5.862321039988e-01
6564.980000 2.314159877112e+14 3.875842503649e+14 5.970727332014e-01
6564.990000 2.355855055064e+14 3.875836750283e+14 6.078313424557e-01
6565.000000 2.396826162564e+14 3.875830996906e+14 6.184031668246e-01
